0.05 0.05 0.05 0.0 0.99 0.99 0.99 0.99
0.05 0.05 0.05 0.0 0.95 0.05 0.05 0.95
0.05 0.05 0.05 0.0 0.05 0.95 0.05 0.95
0.05 0.05 0.05 0.0 0.05 0.05 0.95 0.95
0.95 0.95 0.95 0.0 0.0 0.0 0.0 0.99
0.95 0.95 0.95 0.0 0.0 0.0 0.0 0.75
0.95 0.95 0.95 0.0 0.0 0.0 0.0 0.5
0.95 0.95 0.95 0.0 0.0 0.0 0.0 0.25
0.95 0.95 0.95 0.0 0.0 0.0 0.0 0.01
0.95 0.05 0.05 0.0 0.0 0.0 0.0 0.95
0.05 0.35 0.05 0.0 0.0 0.0 0.0 0.95
0.95 0.95 0.95 0.0 0.0 0.0 0.0 0.95
0.95 0.95 0.05 0.0 0.0 0.0 0.0 0.95
0.05 0.95 0.95 0.0 0.0 0.0 0.0 0.95
0.95 0.05 0.95 0.0 0.0 0.0 0.0 0.95
0.0 0.0 0.95 0.0 0.2 0.2 0.2 0.95
0.05 0.20 0.05 0.0 0.0 0.0 0.0 0.95
0.54 0.27 0.07 0.0 0.0 0.0 0.0 0.95
